% start	end	CellId	IMSI	RNTI	LCID	nTxPDUs	TxBytes	nRxPDUs	RxBytes	delay	stdDev	min	max	PduSize	stdDev	min	max
0.5	0.75	1	1	5	3	153	149179	152	147988	0.00332237	0.00147204	0.003	0.01	973.605	356.849	201	1431	
0.5	0.75	1	2	2	3	143	149292	142	148101	0.00334507	0.00152076	0.003	0.01	1042.96	336.603	201	1431	
0.5	0.75	1	3	4	3	145	150309	143	148375	0.003	0	0.003	0.003	1037.59	302.433	277	1383	
0.5	0.75	1	4	1	3	148	149542	147	148447	0.00333333	0.00149581	0.003	0.01	1009.84	357.328	121	1335	
0.5	0.75	1	5	3	3	139	150245	138	149150	0.003	0	0.003	0.003	1080.8	295.711	277	1383	
0.5	0.75	2	6	4	3	157	145343	156	144152	0.0033141	0.00145382	0.003	0.01	924.051	366.49	145	1335	
0.5	0.75	2	7	5	3	139	145119	137	143747	0.00335766	0.001547	0.003	0.01	1049.25	321.747	113	1287	
0.5	0.75	2	8	2	3	138	145438	137	144343	0.003	0	0.003	0.003	1053.6	261.842	277	1383	
0.5	0.75	2	9	1	3	140	145922	138	144262	0.00315217	0.00102453	0.003	0.01	1045.38	272.051	277	1383	
0.5	0.75	2	10	3	3	140	145430	139	144591	0.003	0	0.003	0.003	1040.22	278.49	277	1383	
0.5	0.75	3	11	1	3	158	148448	157	147209	0.0033121	0.00144937	0.003	0.01	937.637	375.647	121	1335	
0.5	0.75	3	12	3	3	138	148455	137	147360	0.003	0	0.003	0.003	1075.62	300.515	277	1383	
0.5	0.75	3	13	4	3	139	148901	137	147257	0.003	0	0.003	0.003	1074.87	252.155	277	1383	
0.5	0.75	3	14	2	3	136	149155	135	148060	0.003	0	0.003	0.003	1096.74	257.169	277	1383	
0.5	0.75	3	15	5	3	163	148053	162	146862	0.00330247	0.00142772	0.003	0.01	906.556	413.113	145	1335	
0.5	0.75	4	16	2	3	127	128076	126	126981	0.00305555	0.00062361	0.003	0.01	1007.79	274.711	277	1692	
0.5	0.75	4	17	1	3	129	127314	128	126475	0.003	0	0.003	0.003	988.086	251.49	277	1692	
0.5	0.75	4	18	5	3	133	127490	132	126523	0.00321212	0.00120451	0.003	0.01	958.508	307.6	121	1692	
0.5	0.75	4	19	4	3	125	127316	123	126060	0.00328455	0.00138801	0.003	0.01	1024.88	231.956	113	1692	
0.5	0.75	4	20	3	3	125	128496	124	127465	0.00328226	0.00138259	0.003	0.01	1027.94	236.853	173	1692	
0.75	1	1	1	5	3	154	157980	153	157575	0.003	0	0.003	0.003	1029.9	359.379	201	1431	
0.75	1	1	2	2	3	151	157292	151	157292	0.003	0	0.003	0.003	1041.67	365.472	201	1431	
0.75	1	1	3	4	3	142	157316	143	158155	0.003	0	0.003	0.003	1105.98	289.623	277	1383	
0.75	1	1	4	1	3	145	157383	145	157383	0.003	0	0.003	0.003	1085.4	318.657	121	1335	
0.75	1	1	5	3	3	143	157033	143	156745	0.003	0	0.003	0.003	1096.12	299.494	277	1383	
0.75	1	2	6	4	3	160	151798	160	151798	0.003	0	0.003	0.003	948.737	385.37	145	1335	
0.75	1	2	7	5	3	143	151547	144	151632	0.003	0	0.003	0.003	1053	343.305	113	1287	
0.75	1	2	8	2	3	143	152139	143	151851	0.003	0	0.003	0.003	1061.9	276.482	277	1383	
0.75	1	2	9	1	3	139	151663	140	152228	0.00315	0.0010173	0.003	0.01	1087.34	293.785	277	1692	
0.75	1	2	10	3	3	144	152450	144	152194	0.003	0	0.003	0.003	1056.9	253.297	277	1383	
0.75	1	3	11	1	3	155	155077	155	155077	0.003	0	0.003	0.003	1000.5	362.254	121	1335	
0.75	1	3	12	3	3	137	155321	137	155321	0.003	0	0.003	0.003	1133.73	260.084	277	1383	
0.75	1	3	13	4	3	140	155115	140	155115	0.003	0	0.003	0.003	1107.96	248.802	277	1383	
0.75	1	3	14	2	3	152	155078	152	155078	0.003	0	0.003	0.003	1020.25	288.132	277	1383	
0.75	1	3	15	5	3	153	154919	153	154919	0.003	0	0.003	0.003	1012.54	393.894	145	1335	
0.75	1	4	16	2	3	142	134066	142	134066	0.003	0	0.003	0.003	944.127	230.603	277	1095	
0.75	1	4	17	1	3	138	134000	138	133744	0.003	0	0.003	0.003	969.159	205.94	277	1095	
0.75	1	4	18	5	3	149	133312	149	133312	0.003	0	0.003	0.003	894.711	305.24	121	1239	
0.75	1	4	19	4	3	142	133132	143	133245	0.003	0	0.003	0.003	931.783	289.032	113	1143	
0.75	1	4	20	3	3	141	132877	141	132877	0.003	0	0.003	0.003	942.39	262.646	173	1239	
1	1.25	1	1	5	3	156	157048	157	157453	0.003	0	0.003	0.003	1002.89	371.61	199	1431	
1	1.25	1	2	2	3	147	157449	147	157449	0.003	0	0.003	0.003	1071.08	342.595	201	1431	
1	1.25	1	3	4	3	146	157590	146	157590	0.003	0	0.003	0.003	1079.38	306.745	277	1383	
1	1.25	1	4	1	3	136	157356	136	157212	0.003	0	0.003	0.003	1155.97	280.149	121	1335	
1	1.25	1	5	3	3	151	157839	150	157578	0.003	0	0.003	0.003	1050.52	318.552	275	1383	
1	1.25	2	6	4	3	166	151179	166	151179	0.003	0	0.003	0.003	910.717	377.878	145	1335	
1	1.25	2	7	5	3	159	151127	159	151271	0.003	0	0.003	0.003	951.39	375.468	113	1287	
1	1.25	2	8	2	3	136	151947	136	151947	0.003	0	0.003	0.003	1117.26	222.174	277	1383	
1	1.25	2	9	1	3	140	151592	139	151299	0.0032518	0.00130824	0.003	0.01	1088.48	267.501	277	1383	
1	1.25	2	10	3	3	139	150772	139	150772	0.003	0	0.003	0.003	1084.69	269.038	277	1383	
1	1.25	3	11	1	3	149	155161	148	155040	0.003	0	0.003	0.003	1047.57	353.338	121	1335	
1	1.25	3	12	3	3	149	155641	148	155092	0.003	0	0.003	0.003	1047.92	277.544	277	1383	
1	1.25	3	13	4	3	138	154815	139	155364	0.003	0	0.003	0.003	1117.73	253.102	277	1383	
1	1.25	3	14	2	3	145	155286	145	155286	0.003	0	0.003	0.003	1070.94	288.912	277	1383	
1	1.25	3	15	5	3	171	155161	171	155321	0.003	0	0.003	0.003	908.31	436.802	145	1335	
1	1.25	4	16	2	3	139	132624	139	132880	0.00305036	0.000593732	0.003	0.01	955.971	244.507	277	1383	
1	1.25	4	17	1	3	133	132929	133	132929	0.003	0	0.003	0.003	999.466	205.485	277	1095	
1	1.25	4	18	5	3	159	133203	159	133075	0.003	0	0.003	0.003	836.95	351.093	121	1239	
1	1.25	4	19	4	3	136	133185	135	133184	0.003	0	0.003	0.003	986.548	225.106	113	1143	
1	1.25	4	20	3	3	131	133761	131	133761	0.003	0	0.003	0.003	1021.08	180.095	173	1239	
1.25	1.5	1	1	5	3	154	157496	153	157295	0.003	0	0.003	0.003	1028.07	359.893	201	1431	
1.25	1.5	1	2	2	3	149	157622	149	157382	0.003	0	0.003	0.003	1056.26	341.773	200	1431	
1.25	1.5	1	3	4	3	142	157588	142	157300	0.003	0	0.003	0.003	1107.75	289.639	277	1383	
1.25	1.5	1	4	1	3	141	157395	141	157395	0.003	0	0.003	0.003	1116.28	308.387	121	1335	
1.25	1.5	1	5	3	3	149	157043	150	157848	0.003	0	0.003	0.003	1052.32	314.834	277	1383	
1.25	1.5	2	6	4	3	159	151805	159	151805	0.003	0	0.003	0.003	954.748	385.676	145	1335	
1.25	1.5	2	7	5	3	138	152117	137	151888	0.003	0	0.003	0.003	1108.67	289.445	113	1287	
1.25	1.5	2	8	2	3	144	151262	144	151806	0.003	0	0.003	0.003	1054.21	293.097	277	1383	
1.25	1.5	2	9	1	3	142	151250	143	151543	0.0030979	0.000824917	0.003	0.01	1059.74	282.99	277	1383	
1.25	1.5	2	10	3	3	141	152689	141	152401	0.003	0	0.003	0.003	1080.86	269.044	277	1383	
1.25	1.5	3	11	1	3	157	155018	158	155139	0.003	0	0.003	0.003	981.892	371.546	121	1335	
1.25	1.5	3	12	3	3	143	155389	144	155938	0.003	0	0.003	0.003	1082.9	261.947	277	1383	
1.25	1.5	3	13	4	3	140	155289	140	155289	0.003	0	0.003	0.003	1109.21	287.054	276	1383	
1.25	1.5	3	14	2	3	144	155024	143	154475	0.003	0	0.003	0.003	1080.24	279.788	277	1383	
1.25	1.5	3	15	5	3	162	155034	162	154874	0.003	0	0.003	0.003	956.012	421.143	145	1335	
1.25	1.5	4	16	2	3	138	133418	138	133162	0.003	0	0.003	0.003	964.942	203.665	277	1095	
1.25	1.5	4	17	1	3	141	133721	141	133977	0.003	0	0.003	0.003	950.191	229.488	277	1095	
1.25	1.5	4	18	5	3	151	133227	151	133227	0.003	0	0.003	0.003	882.298	295.432	121	1239	
1.25	1.5	4	19	4	3	152	133108	153	133221	0.003	0	0.003	0.003	870.725	330.852	113	1143	
1.25	1.5	4	20	3	3	150	133380	149	133201	0.003	0	0.003	0.003	893.966	274.411	173	1239	
1.5	1.75	1	1	5	3	15	16140	17	17532	0.003	0	0.003	0.003	1031.29	382.046	201	1431	
1.5	1.75	1	2	2	3	15	15625	16	17056	0.003	0	0.003	0.003	1066	342.744	201	1431	
1.5	1.75	1	3	4	3	16	16002	17	17385	0.003	0	0.003	0.003	1022.65	358.336	277	1383	
1.5	1.75	1	4	1	3	15	16401	16	17640	0.003	0	0.003	0.003	1102.5	305.416	373	1335	
1.5	1.75	1	5	3	3	15	15459	16	16298	0.003	0	0.003	0.003	1018.63	312.075	277	1383	
1.5	1.75	2	6	4	3	18	15935	19	17126	0.003	0	0.003	0.003	901.368	427.764	84	1335	
1.5	1.75	2	7	5	3	16	16038	18	17410	0.003	0	0.003	0.003	967.222	370.471	113	1287	
1.5	1.75	2	8	2	3	14	16302	15	17141	0.003	0	0.003	0.003	1142.73	176.159	839	1383	
1.5	1.75	2	9	1	3	16	16553	17	17648	0.00341176	0.00169775	0.003	0.01	1038.12	362.223	52	1383	
1.5	1.75	2	10	3	3	15	15949	16	17332	0.003	0	0.003	0.003	1083.25	236.401	549	1383	
1.5	1.75	3	11	1	3	15	15760	16	16999	0.003	0	0.003	0.003	1062.44	364.903	121	1335	
1.5	1.75	3	12	3	3	13	15201	14	16296	0.003	0	0.003	0.003	1164	188.338	839	1383	
1.5	1.75	3	13	4	3	15	15470	16	16565	0.003	0	0.003	0.003	1035.31	372.068	62	1383	
1.5	1.75	3	14	2	3	16	15595	18	17239	0.003	0	0.003	0.003	957.722	291.586	549	1383	
1.5	1.75	3	15	5	3	17	15523	18	16714	0.003	0	0.003	0.003	928.556	428.42	145	1335	
1.5	1.75	4	16	2	3	17	15762	18	16857	0.003	0	0.003	0.003	936.5	279.357	102	1095	
1.5	1.75	4	17	1	3	16	14052	17	14891	0.003	0	0.003	0.003	875.941	320.697	15	1095	
1.5	1.75	4	18	5	3	16	15096	17	16191	0.003	0	0.003	0.003	952.412	288.021	167	1095	
1.5	1.75	4	19	4	3	18	15213	19	16244	0.003	0	0.003	0.003	854.947	367.711	113	1143	
1.5	1.75	4	20	3	3	16	15270	18	16480	0.003	0	0.003	0.003	915.556	247.207	349	1239	
